       7        15.343074
       8        14.085914
       9        12.940780
      10        11.896570
      11        10.943864
      12        10.073461
      13        9.277915
      14        8.549913
      15        7.883204
      16        7.272188
      17        6.711587
      18        6.196833
      19        5.723864
      20        5.288834
      21        4.888449
      22        4.519556
      23        4.179469
      24        3.865683
      25        3.575905
      26        3.308098
      27        3.060419
      28        2.831183
      29        2.618862
      30        2.422044
      31        2.239485
      32        2.070027
      33        1.912633
      34        1.766336
      35        1.630271
      36        1.503637
      37        1.385718
      38        1.275846
      39        1.173417
      40        1.077875
      41        0.988708
      42        0.905462
      43        0.827699
      44        0.755036
      45        0.687109
      46        0.623590
      47        0.564177
      48        0.508591
      49        0.456577
      50        0.407899
      51        0.362340
      52        0.319703
      53        0.279802
      54        0.242469
      55        0.207549
      56        0.174898
      57        0.144383
      58        0.115883
      59        0.089288
      60        0.064493
      61        0.041403
      62        0.019933
      63        0.000000
