time,ra,dec,x,y,z,vx,vy,vz,Cal
2450699.520621279,6.039801839976457,-0.0278808746573602,1.985000410028499,-0.4809042346267631,-0.127985079531949,0.0037563703066125,0.0116991098270694,0.0035456676413052, A.D. 1997-Sep-08 00:29:41.6785
2450699.533181279,6.0397606659140735,-0.0279172894163134,1.98504758468074,-0.4807572925022605,-0.1279405455969853,0.0037555168850017,0.0116993172999707,0.0035457231729846, A.D. 1997-Sep-08 00:47:46.8625
2450699.545781279,6.039719146939722,-0.0279538233812544,1.985094898799821,-0.4806098797931925,-0.127895869134088,0.0037546607355431,0.0116995253678046,0.0035457788616603, A.D. 1997-Sep-08 01:05:55.5025
2450700.433661279,6.036765712909536,-0.0305270801246474,1.988401796684033,-0.4702156456939492,-0.1247459158151294,0.0036943060443529,0.0117140212505256,0.0035496529846124, A.D. 1997-Sep-08 22:24:28.3345
2450700.456481279,6.036693316826696,-0.0305934647524913,1.988486083041705,-0.4699483275259953,-0.1246649116123868,0.0036927541969719,0.0117143895050246,0.0035497512545985, A.D. 1997-Sep-08 22:57:19.9825
2450700.479251279,6.036620506140893,-0.0306597223029123,1.988570149425984,-0.4696815866937811,-0.124584082660027,0.0036912057188117,0.0117147567371775,0.0035498492442666, A.D. 1997-Sep-08 23:30:07.3105
2454184.797504464,3.168925822477781,-0.0151251433938886,-2.620383067612288,-0.106925103604731,-0.0517679295866708,0.0015138252137035,-0.0095222159599445,-0.0028482392528095, A.D. 2007-Mar-25 07:08:24.3857
2454184.8048144635,3.168896693368898,-0.0151072331567172,-2.620372000405007,-0.106994710948627,-0.0517887501904148,0.0015141387577992,-0.009522202752819,-0.0028482328916393, A.D. 2007-Mar-25 07:18:55.9696
2454184.812054464,3.168867842256057,-0.0150894937000131,-2.620361036915257,-0.1070636516553369,-0.0518093713755773,0.0015144493008983,-0.0095221896638413,-0.0028482265888722, A.D. 2007-Mar-25 07:29:21.5057
2454184.819214464,3.1688393110969755,-0.0150719495631056,-2.620350192358741,-0.1071318304873211,-0.0518297646557382,0.0015147564139469,-0.0095221767113506,-0.002848220353293, A.D. 2007-Mar-25 07:39:40.1297
2454185.694414464,3.165492445418044,-0.012927881395363,-2.619008047066882,-0.1154649288391482,-0.0543221881755352,0.0015523066307654,-0.0095205324320683,-0.0028474397383744, A.D. 2007-Mar-26 04:39:57.4097
2454185.712004464,3.1654229464770425,-0.012884825658606,-2.618980735353422,-0.1156323947059267,-0.0543722745001125,0.0015530615346611,-0.0095204981428363,-0.0028474236747166, A.D. 2007-Mar-26 05:05:17.1857
2454185.7295944635,3.1653532983976564,-0.012841767530748,-2.618953410362578,-0.1157998599602603,-0.0544223605393483,0.0015538164467399,-0.0095204638046288,-0.0028474075962867, A.D. 2007-Mar-26 05:30:36.9616
2454197.765154464,3.1210638017616854,0.0157511529761793,-2.597136643099035,-0.2301961697506339,-0.0886123054957878,0.0020721436535501,-0.0094853810807034,-0.0028329123058991, A.D. 2007-Apr-07 06:21:49.3457
2454197.771464464,3.121041363355036,0.0157653375113563,-2.59712356701326,-0.2302560224242839,-0.0886301811415569,0.0020724162720665,-0.0094853565622366,-0.0028329028599646, A.D. 2007-Apr-07 06:30:54.5297
2454197.777794464,3.1210188574914115,0.0157795652783389,-2.597110447752192,-0.2303160646557033,-0.0886481133873345,0.0020726897555343,-0.0094853319595453,-0.0028328933821282, A.D. 2007-Apr-07 06:40:01.4417
2454197.784124464,3.120996356741601,0.0157937913174456,-2.597097326760937,-0.2303761067269501,-0.088666045571792,0.0020729632398239,-0.0094853073503363,-0.0028328839023281, A.D. 2007-Apr-07 06:49:08.3537
2454704.4505844293,5.963358433163221,-0.0268396001253264,1.887111360803856,-0.7442690323134755,-0.2087405431186478,0.0052843574940369,0.0112184621907234,0.0034099229509632, A.D. 2008-Aug-25 22:48:50.4947
2454704.4519344294,5.963354305703886,-0.0268430960198181,1.887118494626883,-0.7442538873654411,-0.2087359397158848,0.005284268938136,0.0112184972780552,0.0034099328172603, A.D. 2008-Aug-25 22:50:47.1347
2454704.4532844294,5.963350176446863,-0.0268465920539362,1.887125628330359,-0.7442387423700393,-0.2087313362998025,0.0052841803819753,0.0112185323646471,0.0034099426833332, A.D. 2008-Aug-25 22:52:43.7747
2454704.4917944293,5.963231562876059,-0.0269463719338608,1.887329073473791,-0.7438066974223345,-0.2086000139896464,0.0052816541261497,0.0112195329305427,0.0034102240277739, A.D. 2008-Aug-25 23:48:11.0387
2454705.433794429,5.960176144929263,-0.0294025642606947,1.892275265168981,-0.7332264297259697,-0.2053843597229778,0.0052197936121786,0.0112438203424681,0.0034170492017295, A.D. 2008-Aug-26 22:24:39.8387
2454705.435164429,5.960171926608086,-0.029406169377891,1.892282416223087,-0.7332110256712142,-0.2053796783597777,0.005219703554538,0.0112438554022405,0.0034170590483547, A.D. 2008-Aug-26 22:26:38.2066
2454705.4365144293,5.960167768238971,-0.0294097219955835,1.892289462765598,-0.733195846437472,-0.2053750653218022,0.0052196148113009,0.0112438899494645,0.0034170687510129, A.D. 2008-Aug-26 22:28:34.8467
2454716.476034427,5.923777306729953,-0.0601234600920901,1.945876777611024,-0.6076009631200324,-0.1672420569066785,0.0044862133055401,0.0115014627844579,0.0034888640799884, A.D. 2008-Sep-06 23:25:29.3745
2454716.478334428,5.92377011202899,-0.0601300701252063,1.945887095727609,-0.6075745096912991,-0.1672340325012939,0.0044860590617066,0.0115015112262419,0.0034888774587638, A.D. 2008-Sep-06 23:28:48.0946
2454716.480634427,5.92376291076559,-0.0601366803328554,1.945897413483165,-0.6075480561672195,-0.1672260080700127,0.0044859048174321,0.0115015596658121,0.0034888908368709, A.D. 2008-Sep-06 23:32:06.8145
2454716.482934427,5.923755702957205,-0.0601432907150375,1.945907730886048,-0.6075216025263757,-0.1672179836063379,0.0044857505725917,0.0115016081032076,0.0034889042143205, A.D. 2008-Sep-06 23:35:25.5345
2454716.485244428,5.92374845713555,-0.0601499299998719,1.945918092794647,-0.6074950337459742,-0.1672099242192047,0.0044855956565157,0.0115016567490231,0.0034889176492744, A.D. 2008-Sep-06 23:38:45.1186
2454716.7970144274,5.922714283824642,-0.061045036296284,1.947313307145792,-0.6039081408726277,-0.1661219023436107,0.0044646824282311,0.0115082020277325,0.0034907247919061, A.D. 2008-Sep-07 07:07:42.0465
2454716.803474427,5.922692188497365,-0.0610635206246063,1.947342147593529,-0.6038337974527971,-0.1660993521415152,0.0044642489945925,0.0115083372240121,0.0034907621083402, A.D. 2008-Sep-07 07:17:00.1905
2454716.809954427,5.922670031158537,-0.0610820586916162,1.947371074518249,-0.6037592229884493,-0.1660767318818512,0.0044638142148527,0.0115084728215418,0.003490799535073, A.D. 2008-Sep-07 07:26:20.0625
2454716.816464427,5.9226477800606245,-0.061100679085807,1.947400132525876,-0.6036843023899545,-0.1660540066553957,0.004463377418034,0.0115086090293678,0.0034908371297986, A.D. 2008-Sep-07 07:35:42.5265
2454718.772754427,5.916476818604044,-0.0666950105657865,1.956003278827537,-0.581130607199284,-0.1592140229491948,0.004331930096974,0.0115487467523532,0.003501894810589, A.D. 2008-Sep-09 06:32:45.9825
2454718.779114427,5.9164556392953696,-0.0667131713624253,1.956030828542112,-0.5810571567631863,-0.15919175078636,0.0043315021594743,0.0115488746614215,0.0035019299800438, A.D. 2008-Sep-09 06:41:55.4865
2454718.785474427,5.916434460335761,-0.06673132821462,1.956058375534992,-0.58098370551364,-0.1591694783998635,0.004331074218207,0.0115490025537556,0.003501965144444, A.D. 2008-Sep-09 06:51:04.9905
2454718.791874427,5.91641315079062,-0.0667495952669037,1.956086093031254,-0.5809097914873788,-0.1591470657102851,0.0043306435816938,0.0115491312335482,0.0035020005249006, A.D. 2008-Sep-09 07:00:17.9505
2454718.838834427,5.916257086817392,-0.0668835084462898,1.956289385859695,-0.5803674221243095,-0.1589826056729086,0.0043274836696183,0.0115500749032104,0.0035022599724406, A.D. 2008-Sep-09 08:07:55.2945
2454718.839714427,5.916254170459477,-0.0668860158910129,1.956293194020055,-0.5803572580485211,-0.1589795236813591,0.0043274244529419,0.011550092578264,0.00350226483169, A.D. 2008-Sep-09 08:09:11.3265
2454718.8476844267,5.916227776787677,-0.0669087221184359,1.956327681454363,-0.5802652031764236,-0.1589516104563858,0.0043268881351254,0.0115502526433808,0.0035023088366111, A.D. 2008-Sep-09 08:20:39.9345
2454718.848564427,5.916224864775634,-0.0669112288475741,1.956331489090651,-0.5802550389442255,-0.1589485284218363,0.0043268289177254,0.0115502703152123,0.0035023136948874, A.D. 2008-Sep-09 08:21:55.9665
2454718.856544426,5.916198479830481,-0.0669339571010522,1.956366015039755,-0.5801628671558753,-0.1589205797852455,0.0043262919204495,0.0115504305519207,0.003502357746189, A.D. 2008-Sep-09 08:33:25.4384
2454718.857424427,5.916195572705358,-0.0669364631320587,1.956369822153389,-0.5801527027617405,-0.158917497706025,0.0043262327022939,0.0115504482205358,0.0035023626034935, A.D. 2008-Sep-09 08:34:41.4705
2454718.8654144267,5.916169201583212,-0.0669592135861249,1.956404386603965,-0.5800604140414791,-0.1588895136532144,0.0043256950254742,0.0115506086287479,0.0035024067011487, A.D. 2008-Sep-09 08:46:11.8065
2454728.748254426,5.888800532768052,-0.0942793562441472,1.995854646017617,-0.4649939060507006,-0.1240264074564585,0.0036566579025915,0.0117287624746944,0.003550837274048, A.D. 2008-Sep-19 05:57:29.1824
2454728.7653444256,5.888756597926404,-0.0943242159183124,1.995917128363492,-0.4647934591702044,-0.1239657230231146,0.0036554950263284,0.0117290354535004,0.0035509104371164, A.D. 2008-Sep-19 06:22:05.7584
2454728.782444426,5.888712697973888,-0.0943690548230595,1.995979627380964,-0.4645928903260975,-0.1239050018279663,0.0036543314523732,0.0117293084707213,0.0035509836064272, A.D. 2008-Sep-19 06:46:43.1984
2454734.620914425,5.87675722685854,-0.1089744297758329,2.016153782292118,-0.3958533774939595,-0.1031039270755131,0.0032561582866249,0.0118154331309833,0.0035738290399947, A.D. 2008-Sep-25 02:54:07.0063
2454734.6419544253,5.876717417835617,-0.1090244646828429,2.016222276739461,-0.3956047777786377,-0.1030287329255703,0.0032547205846882,0.011815717937895,0.003573903669618, A.D. 2008-Sep-25 03:24:24.8623
2454734.662984425,5.876677365147278,-0.1090744016768818,2.016290708402777,-0.3953562902393348,-0.1029535729477197,0.0032532835488516,0.0118160024261608,0.0035739782085909, A.D. 2008-Sep-25 03:54:41.8543
2454760.675074425,5.875866433480149,-0.1495365085319018,2.077746129553085,-0.0846303934752362,-0.0091515205895225,0.0014722656765228,0.0120288199319591,0.0036243790084703, A.D. 2008-Oct-21 04:12:06.4303
2454760.6800444257,5.875873930070712,-0.1495399205982296,2.077753445871533,-0.0845706101971657,-0.0091335074193243,0.0014719265076923,0.0120288343762171,0.0036243807720213, A.D. 2008-Oct-21 04:19:15.8384
2454760.685014426,5.875881432752474,-0.1495433270620504,2.077760760503628,-0.0845108268529331,-0.0091154942420563,0.0014715873399885,0.0120288488106243,0.0036243825326219, A.D. 2008-Oct-21 04:26:25.2464
2454760.690584426,5.875889849445712,-0.1495471381280985,2.077768956186554,-0.0844438261195802,-0.0090953064257263,0.0014712072277939,0.0120288649759107,0.003624384502264, A.D. 2008-Oct-21 04:34:26.4944
2454770.632654427,5.898650586904607,-0.1531376988770456,2.089031562102903,0.0352264686145114,0.0269366081169036,0.000795411374653,0.0120381667168774,0.0036220476913717, A.D. 2008-Oct-31 03:11:01.3425
2454770.644464427,5.898682594113788,-0.1531381806577323,2.089040951193102,0.0353686392933937,0.0269793844432789,0.0007946123621132,0.0120381547348546,0.0036220380261247, A.D. 2008-Oct-31 03:28:01.7265
2454770.656244427,5.898714540515695,-0.1531386313541051,2.089050307032411,0.0355104486834173,0.0270220519937339,0.0007938153894523,0.0120381427293456,0.0036220283693102, A.D. 2008-Oct-31 03:44:59.5185
2454770.668024427,5.898746517809932,-0.1531390523100673,2.089059653483442,0.0356522579316988,0.0270647194303369,0.0007930184269788,0.0120381306699835,0.0036220186963973, A.D. 2008-Oct-31 04:01:57.3105
2454794.565384432,5.995206471997973,-0.1378735992970702,2.088896886700957,0.3221735965397045,0.1131283994207994,-0.0007966089089757,0.0119057753641044,0.0035701943560022, A.D. 2008-Nov-24 01:34:09.2149
2454794.571974432,5.995238744654278,-0.1378653955689074,2.088891635633896,0.3222520553826916,0.1131519269257882,-0.0007970381762596,0.0119057100110165,0.0035701714667195, A.D. 2008-Nov-24 01:43:38.5909
2454794.578614432,5.9952712613599735,-0.1378571226035332,2.088886341864599,0.3223311090761597,0.1131756327870427,-0.0007974706945724,0.0119056441465215,0.0035701483991423, A.D. 2008-Nov-24 01:53:12.2869
2454794.585304432,5.995304023703308,-0.1378487802264147,2.088881005327853,0.3224107576156693,0.1131995170027343,-0.0007979064638091,0.0119055777702625,0.003570125153164, A.D. 2008-Nov-24 02:02:50.3029
2455209.740406021,2.096787296393605,0.1863571190887108,-1.230786576123932,2.291873665065795,0.6795511768359684,-0.009027636880236,-0.0036668631698995,-0.0011702495492553, A.D. 2010-Jan-13 05:46:11.0802
2455209.746276021,2.096760768767785,0.1863631610869686,-1.230839568028951,2.291852139975668,0.679544307292321,-0.0090275266883728,-0.0036670687379482,-0.0011703104693486, A.D. 2010-Jan-13 05:54:38.2482
2455209.7581860214,2.0967068973303733,0.1863754090571675,-1.230947084543522,2.291808462701987,0.679530368158169,-0.0090273031003477,-0.0036674858186155,-0.0011704340710744, A.D. 2010-Jan-13 06:11:47.2722
2455648.9070660374,3.9113804875772753,-0.2065086593210305,-2.120468273094688,-1.206589677640849,-0.3783580110398947,0.0067723057190725,-0.0080308607437785,-0.0023619955998248, A.D. 2011-Mar-28 09:46:10.5056
2455648.9248460373,3.911353863417294,-0.2064804467892571,-2.120347854894075,-1.206732462577179,-0.3784000061401018,0.0067730487703684,-0.0080304370304586,-0.0023618627203474, A.D. 2011-Mar-28 10:11:46.6976
2455648.9426260376,3.911327211279685,-0.2064521635541955,-2.120227423479014,-1.206875239983056,-0.3784419988786417,0.0067737918038782,-0.008030013253079,-0.002361729821762, A.D. 2011-Mar-28 10:37:22.8897
2455652.908826038,3.9049919536030337,-0.1998520177282075,-2.093033113452161,-1.238534287285447,-0.3877496676016137,0.0069390853863272,-0.0079338770233641,-0.0023316056938729, A.D. 2011-Apr-01 09:48:42.5697
2455652.926586037,3.904956657722304,-0.19982110712685,-2.092909868746739,-1.238675189049027,-0.3877910757001553,0.0069398234567554,-0.0079334393452514,-0.0023314686572286, A.D. 2011-Apr-01 10:14:17.0336
2455652.944366038,3.904921321245216,-0.1997900929925612,-2.092786472111365,-1.238816241711191,-0.3878325279949982,0.0069405623393391,-0.0079330011098327,-0.0023313314470552, A.D. 2011-Apr-01 10:39:53.2257
2455667.0033160374,3.868237421421144,-0.1723133678588968,-1.991132207511662,-1.347815031384182,-0.4198176231213177,0.0075183522846923,-0.0075661858298234,-0.0022167895188115, A.D. 2011-Apr-15 12:04:46.5056
2455667.0145560373,3.868199449549246,-0.1722892570079451,-1.991047698667819,-1.347900073572361,-0.4198425392933433,0.0075188086665875,-0.0075658762469453,-0.0022166930840909, A.D. 2011-Apr-15 12:20:57.6416
2455667.037696037,3.8681215739354062,-0.1722395760362542,-1.990873702566964,-1.348075140571738,-0.4198938312734392,0.0075197481986165,-0.0075652388202776,-0.0022164945275405, A.D. 2011-Apr-15 12:54:16.9376
2455678.952826036,3.824410450772693,-0.1462905911261086,-1.89841504697234,-1.436201666974807,-0.4456770327540625,0.0079978454196,-0.007222191437382,-0.002109843979264, A.D. 2011-Apr-27 10:52:04.1695
2455678.964076036,3.8243648323515433,-0.1462658394600688,-1.898325068704211,-1.43628291472745,-0.4457007679088889,0.0079982911610675,-0.0072218534964129,-0.0021097391066426, A.D. 2011-Apr-27 11:08:16.1695
2455678.974786036,3.8243214941332457,-0.1462422659261806,-1.898239404733067,-1.436360259055913,-0.4457233626801793,0.0079987154964645,-0.0072215317518959,-0.0021096392605624, A.D. 2011-Apr-27 11:23:41.5135
2455679.891906036,3.820699166437144,-0.1442459757635888,-1.890886971901416,-1.442970608667474,-0.4476542261650522,0.008035014148588,-0.0071938906530805,-0.0021010626523484, A.D. 2011-Apr-28 09:24:20.6815
2455679.907266036,3.820635972288626,-0.1442124157349734,-1.890763549419463,-1.44308110326162,-0.4476864973809694,0.0080356214375787,-0.0071934262119396,-0.0021009185631713, A.D. 2011-Apr-28 09:46:27.7855
2455679.9239260363,3.8205675683148375,-0.1441759850237109,-1.890629670478027,-1.443200941547114,-0.4477214973826846,0.0080362801006523,-0.0071929224065276,-0.0021007622622765, A.D. 2011-Apr-28 10:10:27.2095
2455679.9384760363,3.8205079645529367,-0.1441441443538482,-1.890512738418089,-1.443305595366587,-0.4477520624803609,0.0080368553231033,-0.0071924823606555,-0.0021006257428054, A.D. 2011-Apr-28 10:31:24.3295
2455688.773856035,3.785193967462837,-0.1256248802471835,-1.817971685341911,-1.505649156454793,-0.465938447604341,0.0083824844228426,-0.0069170247570864,-0.0020152769652579, A.D. 2011-May-07 06:34:21.1614
2455688.780746035,3.785165598584469,-0.1256111855212077,-1.817913929107249,-1.50569681399211,-0.4659523326264477,0.0083827509806112,-0.0069168035128051,-0.002015208497461, A.D. 2011-May-07 06:44:16.4574
2455688.787656035,3.7851371460001104,-0.1255974463416959,-1.817856003374387,-1.505744608337712,-0.4659662574799064,0.0083830183073136,-0.0069165816162036,-0.0020151398279208, A.D. 2011-May-07 06:54:13.4814
2455688.7945560347,3.7851087353560136,-0.1255837223640019,-1.817798159627806,-1.505792331985848,-0.4659801617079827,0.0083832852423223,-0.0069163600306389,-0.0020150712547641, A.D. 2011-May-07 07:04:09.6414
2455694.781426034,3.762093351130393,-0.1143028469401424,-1.766918906645876,-1.546616564389339,-0.4778637737528849,0.0086130333825405,-0.0067202944129255,-0.0019544442537064, A.D. 2011-May-13 06:45:15.2093
2455694.7884160336,3.7620663212511753,-0.1142904706358836,-1.766858700615607,-1.546663538429494,-0.477877435065579,0.0086132993991998,-0.0067200610488019,-0.0019543721494365, A.D. 2011-May-13 06:55:19.1453
2455694.795306034,3.7620396866715775,-0.114278267852259,-1.766799354076776,-1.546709838859735,-0.4778909004454399,0.0086135616050017,-0.0067198310130389,-0.0019543010736819, A.D. 2011-May-13 07:05:14.4413
2455694.8022560338,3.762012830958765,-0.1142659552699712,-1.766739488905955,-1.546756540877804,-0.4779044825884322,0.0086138260889078,-0.0067195989638579,-0.0019542293759549, A.D. 2011-May-13 07:15:14.9213
2456207.449167574,0.7701153435729957,0.1947505256727018,1.883555541820224,1.105940395314949,0.3461047320309611,-0.0049133862620828,0.0104489601554309,0.0031012992297147, A.D. 2012-Oct-06 22:46:48.0784
2456207.465737574,0.7700777641034728,0.1947159610151156,1.883474119954981,1.106113530440807,0.3461561192617072,-0.0049142377886004,0.0104484600019869,0.0031011426278523, A.D. 2012-Oct-06 23:10:39.7264
2456207.4822775736,0.7700400763362699,0.194681502770254,1.883392831434269,1.106286343837423,0.34620741086712,-0.004915087707576,0.0104479606932214,0.0031009862917422, A.D. 2012-Oct-06 23:34:28.7824
2456208.807307573,0.766705049051121,0.1918811094365118,1.876835178824674,1.12010361710354,0.3503079877064982,-0.0049829612365224,0.0104077639969731,0.003088404639488, A.D. 2012-Oct-08 07:22:31.3743
2456208.8165675737,0.7666795163676943,0.1918614352823318,1.876789034411037,1.120199991698101,0.3503365859265611,-0.0049834340824118,0.010407481719412,0.0030883163145699, A.D. 2012-Oct-08 07:35:51.4384
2456208.8281275737,0.7666475710478897,0.191836847694695,1.876731422501229,1.120320300149982,0.3503722862258426,-0.004984024344723,0.0104071293033116,0.0030882060437885, A.D. 2012-Oct-08 07:52:30.2224
2456212.7299075737,0.7556411887740259,0.1832924564644785,1.856898592908435,1.160692408106462,0.3623485446779786,-0.0051814012723342,0.010286523277508,0.0030505033677653, A.D. 2012-Oct-12 05:31:04.0144
2456212.7475875737,0.7555852743938181,0.1832533822426243,1.856806977901914,1.160874268941863,0.3624024760482983,-0.0051822872071326,0.0102859693478874,0.0030503303589743, A.D. 2012-Oct-12 05:56:31.5664
2456212.765277574,0.755529042346233,0.1832142337046506,1.856715295400614,1.161056222838138,0.3624564348614568,-0.0051831735666049,0.0102854150386521,0.003050157232994, A.D. 2012-Oct-12 06:21:59.9824
2456216.754787574,0.7425871728350469,0.1741602413441566,1.835640840948673,1.201838388224648,0.3745465324734528,-0.0053811086816746,0.0101587320307832,0.0030106256084095, A.D. 2012-Oct-16 06:06:53.6464
2456216.772457574,0.742523879045682,0.1741199440828291,1.835545749089815,1.202017887997515,0.3745997286621389,-0.0053819766488166,0.010158163618054,0.0030104483862869, A.D. 2012-Oct-16 06:32:20.3344
2456216.790137574,0.7424603352204484,0.174079567548647,1.835450588065801,1.202197479302688,0.3746529518220863,-0.0053828450300276,0.0101575948198474,0.003010271045295, A.D. 2012-Oct-16 06:57:47.8864
2456218.892052574,0.735039861433144,0.1692278053008443,1.82402819307887,1.223476493545597,0.3809580352005401,-0.0054855330487794,0.0100895206530812,0.0029890561078599, A.D. 2012-Oct-18 09:24:33.3424
2456218.907207574,0.7349825740198669,0.1691925601917427,1.823945054244446,1.223629396488952,0.3810033331801188,-0.0054862694650596,0.0100890266012494,0.0029889022060771, A.D. 2012-Oct-18 09:46:22.7344
2456218.9223835743,0.7349252794681931,0.1691572232608691,1.823861789023332,1.223782503803044,0.3810486915907084,-0.0054870068446695,0.0100885318187842,0.0029887480776435, A.D. 2012-Oct-18 10:08:13.9408
2456218.937674574,0.7348676477014546,0.1691215767783994,1.823777881522861,1.223936763729095,0.3810943913495166,-0.0054877497541492,0.0100880332404008,0.0029885927677129, A.D. 2012-Oct-18 10:30:15.0832
2456220.7682375745,0.7281717390977084,0.1648733881322458,1.813651064185341,1.24234870729769,0.3865481209738962,-0.0055762674166215,0.0100280100096331,0.0029699021411179, A.D. 2012-Oct-20 06:26:15.7264
2456220.785927574,0.7281026992306602,0.1648325072851763,1.813552412486428,1.242526097632345,0.3866006569358881,-0.0055771187565501,0.0100274267328485,0.0029697205812615, A.D. 2012-Oct-20 06:51:44.1424
2456220.803597574,0.7280335837559488,0.1647916174671145,1.813453857285645,1.242703277114557,0.3866531302960767,-0.0055779690561461,0.0100268440541295,0.0029695392088314, A.D. 2012-Oct-20 07:17:10.8304
2456226.781017575,0.7047427561532752,0.1509722321349155,1.779261256947611,1.302041913358558,0.4042179311605383,-0.0058611263691837,0.0098262839068011,0.002907181983375, A.D. 2012-Oct-26 06:44:39.9185
2456226.788667575,0.7047106437007414,0.1509548026137799,1.779216417966476,1.30211708343254,0.404240170792783,-0.0058614830089324,0.0098260229040504,0.0029071009230686, A.D. 2012-Oct-26 06:55:40.8785
2456226.796227575,0.704678891885591,0.1509375692676523,1.779172103823771,1.302191367188945,0.4042621481724357,-0.0058618354384163,0.0098257649612888,0.0029070208133301, A.D. 2012-Oct-26 07:06:34.0625
2456226.803807575,0.7046470420352965,0.1509202813625323,1.779127669772093,1.302265845506891,0.4042841830857017,-0.0058621887857961,0.0098255063255167,0.0029069404885808, A.D. 2012-Oct-26 07:17:28.9745
2456698.9372976045,2.6261218420397654,0.0951503471342983,-2.290055619395694,1.423817954600965,0.4105911044033776,-0.0051265607292078,-0.0077792384799131,-0.0023738373858194, A.D. 2014-Feb-10 10:29:42.5130
2456698.9496476045,2.626071709533944,0.0951731628287719,-2.290118929878545,1.423721879425806,0.4105617870559467,-0.005126149062689,-0.0077794943676194,-0.0023739111945899, A.D. 2014-Feb-10 10:47:29.5530
2456698.962027604,2.6260215311783224,0.09519602938214,-2.290182389048132,1.423625567699866,0.4105323975780197,-0.0051257363841139,-0.0077797508599909,-0.0023739851774846, A.D. 2014-Feb-10 11:05:19.1850
2456716.8718676083,2.554560260927777,0.1312952644144121,-2.376562858192845,1.281075446165843,0.3670888664699857,-0.0045163173207783,-0.008132881061564,-0.0024755411996054, A.D. 2014-Feb-28 08:55:29.3614
2456716.8835576084,2.5545148424864523,0.1313193365539609,-2.376615651571246,1.28098037150755,0.3670599270268285,-0.0045159116039087,-0.0081330997238777,-0.002475603877214, A.D. 2014-Feb-28 09:12:19.3774
2456716.8952476084,2.554469500228749,0.1313433963714853,-2.376668440206756,1.280885294293186,0.3670309868509979,-0.004515505876885,-0.0081333183705888,-0.0024756665500646, A.D. 2014-Feb-28 09:29:09.3934
2456736.765407611,2.4942851024719714,0.1689921668626428,-2.459445056341464,1.115733424751453,0.3168266948646428,-0.0038115204752741,-0.0084821324106045,-0.0025752362006927, A.D. 2014-Mar-20 06:22:11.2176
2456736.790577611,2.49422949017335,0.1690329569700445,-2.459540980864816,1.115519924288264,0.3167618746949575,-0.0038106109514188,-0.0084825449585775,-0.0025753534013081, A.D. 2014-Mar-20 06:58:25.9056
2456736.802437611,2.49420338434125,0.1690521441948164,-2.45958617216912,1.115419320152713,0.3167313306762573,-0.0038101823723186,-0.0084827393234571,-0.0025754086178311, A.D. 2014-Mar-20 07:15:30.6096
2457195.7954375967,4.669107815801986,-0.1874885849410114,-0.0386325249865053,-2.053500648638106,-0.6171920656457052,0.0122674682875226,0.0010398137961502,0.0004022342824548, A.D. 2015-Jun-22 07:05:25.8084
2457195.800527597,4.669085463579696,-0.1874875782525522,-0.0385700835553374,-2.053495355187844,-0.6171900180333937,0.0122674746753362,0.0010401273239564,0.0004023284948445, A.D. 2015-Jun-22 07:12:45.5844
2457195.805627597,4.669063066851509,-0.1874865646700424,-0.0385075194159348,-2.053490049737229,-0.6171879659172811,0.0122674810662029,0.0010404414699412,0.000402422892922, A.D. 2015-Jun-22 07:20:06.2244
2457195.8071575966,4.669056347874941,-0.187486259638849,-0.0384887501740446,-2.053488457790158,-0.6171873501887745,0.0122674829816086,0.0010405357141356,0.0004024512124516, A.D. 2015-Jun-22 07:22:18.4163
2457195.8072275966,4.6690560404701,-0.187486245676215,-0.0384878914494066,-2.053488384952437,-0.617187322017117,0.0122674830692212,0.0010405400259716,0.0004024525081192, A.D. 2015-Jun-22 07:22:24.4643
2457195.8107175967,4.669040714524498,-0.1874855481728327,-0.0384450779254841,-2.05348475309258,-0.6171859173451267,0.0122674874350596,0.0010407550021213,0.0004025171064873, A.D. 2015-Jun-22 07:27:26.0004
2457195.8123075967,4.669033732439545,-0.1874852296502442,-0.038425572618884,-2.053483098214264,-0.6171852773195305,0.0122674894226045,0.0010408529428866,0.0004025465367813, A.D. 2015-Jun-22 07:29:43.3764
2457195.824687597,4.668979377563384,-0.1874827332185486,-0.0382737010016768,-2.053470207734199,-0.6171802923748816,0.0122675048663479,0.0010416155330512,0.0004027756878402, A.D. 2015-Jun-22 07:47:33.0084
2457195.8299675966,4.668956202697603,-0.1874816597886988,-0.0382089285624127,-2.053464707145862,-0.61717816546136,0.0122675114359759,0.0010419407773757,0.0004028734205277, A.D. 2015-Jun-22 07:55:09.2003
2457222.8214891623,4.576763443145499,-0.1984411285547468,0.2921351056333827,-2.002674102887801,-0.5995017552622037,0.0121635932558997,0.0027280258463183,0.0009085205774161, A.D. 2015-Jul-19 07:42:56.6636
2457222.831789162,4.576740780795653,-0.1984507254396251,0.2922603901584317,-2.002646000878232,-0.5994923964996386,0.0121634996113422,0.0027286751828318,0.0009087149193494, A.D. 2015-Jul-19 07:57:46.5836
2457222.842109162,4.576718175884594,-0.1984603260071482,0.2923859169886935,-2.002617837593568,-0.5994830175570227,0.0121634057426074,0.0027293257823078,0.0009089096389728, A.D. 2015-Jul-19 08:12:38.2316
2457222.852889162,4.576694678429608,-0.198470339746465,0.292517037975447,-2.002588411798237,-0.5994732184146762,0.012163307644539,0.0027300053836358,0.0009091130383095, A.D. 2015-Jul-19 08:28:09.6236
2457246.783619155,4.569110624670452,-0.2287454705456529,0.5800672256401902,-1.919197935159024,-0.5723191187998882,0.0118297051674753,0.0042380393486241,0.0013596124221031, A.D. 2015-Aug-12 06:48:24.6950
2457246.793989155,4.56912443741559,-0.2287604343005278,0.5801898986672994,-1.919153983319508,-0.5723050186138628,0.0118295097675406,0.0042386897469625,0.0013598063427467, A.D. 2015-Aug-12 07:03:20.6630
2457246.804739156,4.56913887052056,-0.2287759309742366,0.5803170648181568,-1.919108413777235,-0.5722903996140389,0.011829307160379,0.0042393639732028,0.0013600073674864, A.D. 2015-Aug-12 07:18:49.4631
2457246.815049155,4.569152826609591,-0.2287907799911664,0.5804390239653245,-1.919064702604102,-0.5722763769451147,0.0118291128011122,0.0042400105978827,0.0013602001623116, A.D. 2015-Aug-12 07:33:40.2470
2457726.8439491573,1.4777777191890238,0.2208244140061155,0.4406952561223618,2.356055653014725,0.7110708005814103,-0.010099215900459,0.0031869628838653,0.0008845993008858, A.D. 2016-Dec-04 08:15:17.2072
2457726.8482491574,1.4777578189797995,0.2208217927135652,0.4406518294155314,2.35606935654161,0.711074604233643,-0.0100992517061244,0.0031867703351457,0.0008845412124182, A.D. 2016-Dec-04 08:21:28.7272
2457726.852549157,1.4777379185785884,0.2208191681397959,0.4406084025594478,2.356083059239054,0.7110784076356836,-0.0100992875079591,0.0031865777868001,0.0008844831240909, A.D. 2016-Dec-04 08:27:40.2472
2457726.8568591573,1.4777179721879516,0.2208165341587019,0.4405648745507192,2.356096792974117,0.7110822196326737,-0.0100993233892182,0.0031863847909979,0.0008844249008015, A.D. 2016-Dec-04 08:33:52.6312
2457726.907089157,1.4774856935260137,0.220785598773669,0.4400575750424621,2.356256788592281,0.7111266272535375,-0.010099741276397,0.003184135587819,0.0008837463595314, A.D. 2016-Dec-04 09:46:12.5032
2457726.9125791574,1.4774603444163177,0.220782192065502,0.4400021273339308,2.356274268823003,0.7111314788177954,-0.0100997869186603,0.0031838897590449,0.0008836721979521, A.D. 2016-Dec-04 09:54:06.8392
2457726.918369157,1.477433622081566,0.2207785940343425,0.4399436494345502,2.356292702792186,0.7111365950528483,-0.0100998350482707,0.0031836304976744,0.0008835939840778, A.D. 2016-Dec-04 10:02:27.0951
2457726.924039157,1.477407466490129,0.2207750655545536,0.4398863832328562,2.356310753258398,0.7111416048138923,-0.0100998821736611,0.0031833766101769,0.0008835173914396, A.D. 2016-Dec-04 10:10:36.9832
2457730.438849158,1.4614468259897029,0.218806939700288,0.404337374923923,2.367223273545338,0.7141636139007017,-0.010127819078487,0.0030261164019741,0.0008360843287305, A.D. 2016-Dec-07 22:31:56.5673
2457730.4402191583,1.4614406765489762,0.218806272705261,0.4043234998027684,2.367227419283422,0.7141647593237368,-0.0101278294726645,0.0030260551552948,0.0008360658589483, A.D. 2016-Dec-07 22:33:54.9353
2457730.4416791582,1.4614341217904376,0.2188055622864423,0.404308713164247,2.367231837276124,0.714165979965473,-0.0101278405492461,0.0030259898851673,0.0008360461758427, A.D. 2016-Dec-07 22:36:01.0793
2457730.443139158,1.4614275656530884,0.218804852251596,0.404293926509554,2.367236255173531,0.7141672005784722,-0.0101278516253911,0.0030259246150858,0.000836026492754, A.D. 2016-Dec-07 22:38:07.2233
2457730.4445091584,1.4614214124075442,0.2188041863386732,0.404280051343811,2.367240400648867,0.7141683459222721,-0.0101278620183648,0.0030258633685335,0.0008360080230187, A.D. 2016-Dec-07 22:40:05.5913
2457730.4458591584,1.4614153477549128,0.2188035304963002,0.404266378722819,2.367244485523783,0.7141694745208473,-0.010127872259239,0.0030258030161379,0.0008359898229312, A.D. 2016-Dec-07 22:42:02.2313
2457730.4471991584,1.4614093268402322,0.2188028798201017,0.4042528073675977,2.367248540059563,0.7141705947350719,-0.0101278824238851,0.0030257431108394,0.0008359717576746, A.D. 2016-Dec-07 22:43:58.0073
2457730.4485891582,1.461403079975227,0.218802205197986,0.4042387296049775,2.367252745798918,0.714171756722686,-0.0101278929674198,0.0030256809703133,0.0008359530183575, A.D. 2016-Dec-07 22:45:58.1033
2457730.4499591584,1.461396921703134,0.2188015406289667,0.4042248543825969,2.36725689094046,0.714172901965826,-0.010127903358864,0.0030256197239224,0.0008359345486817, A.D. 2016-Dec-07 22:47:56.4713
2457730.4514791584,1.4613900876744617,0.2188008036811433,0.4042094599614132,2.367261489830593,0.7141741725707095,-0.0101279148876057,0.0030255517717821,0.0008359140568, A.D. 2016-Dec-07 22:50:07.7993
2457730.4542991584,1.4613774044889605,0.2187994375246713,0.404180899210742,2.367270021708991,0.7141765297947886,-0.0101279362752031,0.003025425702804,0.0008358760390131, A.D. 2016-Dec-07 22:54:11.4473
2457730.4558691583,1.461370340862225,0.2187986775210485,0.4041649983429871,2.367274771571786,0.714177842103427,-0.0101279481817753,0.0030253555155478,0.0008358548731121, A.D. 2016-Dec-07 22:56:27.0953
2457730.457449158,1.4613632304606654,0.218797913119196,0.4041489961761668,2.367279551577469,0.7141791627372354,-0.0101279601636764,0.0030252848812893,0.0008358335724152, A.D. 2016-Dec-07 22:58:43.6073
2457730.4589591585,1.46135643341552,0.2187971829607035,0.404133702944413,2.367284119707648,0.7141804248308294,-0.0101279716142589,0.0030252173764295,0.0008358132154335, A.D. 2016-Dec-07 23:00:54.0713
2457730.4604091584,1.461349904906733,0.2187964821761022,0.4041190173789667,2.367288506225439,0.7141816367457066,-0.0101279826094084,0.0030251525539483,0.0008357936673615, A.D. 2016-Dec-07 23:02:59.3513
2457730.4618791584,1.4613432847681609,0.2187957721063493,0.4041041292361616,2.367292953151444,0.7141828653478463,-0.0101279937557768,0.0030250868374034,0.000835773849676, A.D. 2016-Dec-07 23:05:06.3593
2457730.4632191584,1.4613372486865688,0.2187951251127956,0.404090557718138,2.367297006727546,0.7141839852726668,-0.0101280039160258,0.003025026932569,0.0008357557845907, A.D. 2016-Dec-07 23:07:02.1353
2457730.464729158,1.4613304452535183,0.2187943964203796,0.4040752644250358,2.367301574466813,0.714185247248412,-0.0101280153648201,0.0030249594279185,0.0008357354276847, A.D. 2016-Dec-07 23:09:12.5993
2457730.466069158,1.46132440632704,0.2187937500551444,0.4040616928780565,2.367305627872187,0.7141863671217471,-0.0101280255242869,0.0030248995231667,0.00083571736263, A.D. 2016-Dec-07 23:11:08.3753
2457730.467419158,1.4613183209748035,0.2187930991869598,0.4040480200363355,2.367309711445911,0.7141874953279311,-0.0101280357591993,0.0030248391714003,0.0008356991627748, A.D. 2016-Dec-07 23:13:05.0153
2457730.4687791583,1.4613121891619023,0.2187924437634658,0.4040342458995661,2.367313825186177,0.7141886318664178,-0.0101280460695489,0.0030247783726204,0.0008356808281196, A.D. 2016-Dec-07 23:15:02.5193
2457730.4701191583,1.461306146116447,0.2187917982883485,0.4040206743114432,2.367317878348936,0.7141897516665895,-0.0101280562279041,0.0030247184679859,0.0008356627631081, A.D. 2016-Dec-07 23:16:58.2953
2457730.4714691583,1.4613000565928735,0.2187911482753752,0.4040070014282731,2.367321961678236,0.7141908797990643,-0.0101280664616966,0.0030246581163379,0.0008356445632967, A.D. 2016-Dec-07 23:18:54.9353
2457730.4728191583,1.4612939656555834,0.2187904985416545,0.4039933285312876,2.367326044926062,0.7141920079069689,-0.0101280766951158,0.0030245977647292,0.0008356263634997, A.D. 2016-Dec-07 23:20:51.5753
2457730.4741691584,1.4612878732871235,0.2187898490871866,0.4039796556204872,2.367330128092413,0.7141931359903041,-0.0101280869281617,0.00302453741316,0.0008356081637173, A.D. 2016-Dec-07 23:22:48.2153
2457730.475539158,1.461281689201611,0.2187891902952071,0.4039657801371015,2.367334271665874,0.7141942807606043,-0.0101280973124243,0.0030244761675478,0.0008355896943276, A.D. 2016-Dec-07 23:24:46.5833
2457730.4768791585,1.4612756391050257,0.2187885462163533,0.4039522084755982,2.367338324425086,0.714195400439046,-0.0101281074689277,0.0030244162630885,0.0008355716293823, A.D. 2016-Dec-07 23:26:42.3593
2457730.4782291586,1.461269542408149,0.2187878975996433,0.4039385355232539,2.36734240734641,0.7141965284484901,-0.010128117700851,0.0030243559116379,0.0008355534296436, A.D. 2016-Dec-07 23:28:38.9993
2457730.479589158,1.461263399093528,0.2187872444450774,0.4039247612797621,2.367346520428035,0.7141976647883906,-0.0101281280081859,0.0030242951131967,0.0008355350951121, A.D. 2016-Dec-07 23:30:36.5033
2457730.4809791585,1.4612571187182009,0.2187865771707978,0.4039106831710698,2.367350724156082,0.714198826169433,-0.0101281385425024,0.0030242329736235,0.0008355163561482, A.D. 2016-Dec-07 23:32:36.5993
2457730.4823491583,1.4612509271626797,0.2187859197750817,0.4038968076169738,2.367354867312462,0.7141999708139568,-0.0101281489248541,0.0030241717282131,0.000835497886833, A.D. 2016-Dec-07 23:34:34.9673
2457746.7817191635,1.38677351211982,0.2146187633627061,0.2379537876452946,2.41072621285521,0.7260336250126517,-0.0102248892167292,0.0022988678294531,0.0006169640223161, A.D. 2016-Dec-24 06:45:40.5357
2457746.7842791635,1.3867621617026422,0.2146187680925483,0.2379276119154113,2.410732097811658,0.7260352043968442,-0.0102249002710435,0.0022987545120391,0.0006169299093195, A.D. 2016-Dec-24 06:49:21.7197
2457746.7869091635,1.3867505018211346,0.2146187718450062,0.2379007204127385,2.410738143382944,0.7260368268764222,-0.0102249116262923,0.0022986380963181,0.0006168948636202, A.D. 2016-Dec-24 06:53:08.9517
2457746.7895491635,1.3867387986205553,0.2146187744630001,0.2378737266301947,2.410744211633447,0.7260384554324747,-0.0102249230233594,0.0022985212381719,0.0006168596847433, A.D. 2016-Dec-24 06:56:57.0477
2458188.9201107584,3.163782674491938,-0.0301858288114415,-2.64633876508998,0.1188083161412268,0.0171030052782994,0.0005178066520866,-0.0095150228744928,-0.0028531779007272, A.D. 2018-Mar-11 10:04:57.5695
2458188.9317907584,3.163739063199427,-0.0301591781573623,-2.646332714237334,0.1186971805506808,0.0170696801441468,0.0005182982542225,-0.0095150440018699,-0.0028531806876596, A.D. 2018-Mar-11 10:21:46.7215
2458188.9434607583,3.163695543519249,-0.0301325434206859,-2.646326662830683,0.1185861398648811,0.0170363835095365,0.00051878944046,-0.0095150650908066,-0.0028531834660585, A.D. 2018-Mar-11 10:38:35.0095
2458197.82458076,3.1302895325832605,-0.009065848748622,-2.6400551454729,0.0340280002164484,-0.0083071665253213,0.0008939958806515,-0.0095251756039752,-0.0028535044950629, A.D. 2018-Mar-20 07:47:23.7776
2458197.82972076,3.1302690371469475,-0.0090533454018469,-2.640050549773953,0.0339790408074717,-0.0083218335362864,0.0008942138186431,-0.0095251779977373,-0.0028535036368933, A.D. 2018-Mar-20 07:54:47.8736
2458197.83486076,3.1302485435955902,-0.0090408416536461,-2.640045952954802,0.0339300813862014,-0.0083365005428374,0.0008944317575119,-0.0095251803874723,-0.0028535027775081, A.D. 2018-Mar-20 08:02:11.9696
2458197.84000076,3.1302280526796804,-0.0090283374865663,-2.640041355015443,0.0338811219526582,-0.0083511675449681,0.0008946496972579,-0.00952518277318,-0.0028535019169073, A.D. 2018-Mar-20 08:09:36.0656
2458221.80679076,3.0467260816678783,0.0455586028357287,-2.606351311507807,-0.1941855293830485,-0.0765853413568212,0.0019194416672701,-0.009491706998967,-0.0028360347998008, A.D. 2018-Apr-13 07:21:46.7216
2458221.8089607595,3.046719869168406,0.0455627651143821,-2.606347146218432,-0.1942061263771979,-0.0765914955485921,0.001919535141129,-0.0094916998557872,-0.0028360319785334, A.D. 2018-Apr-13 07:24:54.2096
2458221.81817076,3.04669352666966,0.0455804267294016,-2.606329465472318,-0.1942935447958971,-0.0766176153487618,0.0019199318678381,-0.0094916695299771,-0.0028360200018541, A.D. 2018-Apr-13 07:38:09.9536
2458221.82031076,3.0466874118213587,0.0455845295970473,-2.606325356719493,-0.1943138569611132,-0.0766236844285766,0.0019200240499971,-0.0094916624816336,-0.00283601721841, A.D. 2018-Apr-13 07:41:14.8496
2458221.82957076,3.046660980136287,0.0456022790370347,-2.606307575449588,-0.1944017496163154,-0.0766499458928016,0.00192042293289,-0.0094916319742263,-0.0028360051716002, A.D. 2018-Apr-13 07:54:34.9137
2458221.83171076,3.046654878395409,0.0456063800371781,-2.606303465645881,-0.1944220617011712,-0.0766560149408824,0.0019205151156061,-0.0094916249219542,-0.0028360023869724, A.D. 2018-Apr-13 07:57:39.8097
2458221.84099076,3.046628449206159,0.0456241598458945,-2.606285641411011,-0.1945101438373983,-0.0766823329866603,0.0019209148624208,-0.0094915943316056,-0.0028359903090063, A.D. 2018-Apr-13 08:11:01.6017
2458221.84312076,3.0466223902782072,0.0456282398846336,-2.60628154976479,-0.1945303609250926,-0.0766883736428407,0.0019210066149282,-0.0094915873083727,-0.0028359875362112, A.D. 2018-Apr-13 08:14:05.6336
2458222.7363007595,3.0442256054684527,0.0473247997154987,-2.60454855986997,-0.2030067224290405,-0.0792208959420354,0.001959490571062,-0.0094885777975627,-0.0028348053971011, A.D. 2018-Apr-14 05:40:16.3856
2458222.74145076,3.0442112291914043,0.0473344757510586,-2.604538467920911,-0.2030555885644018,-0.0792354951735872,0.0019597125184563,-0.0094885600719406,-0.0028347984685971, A.D. 2018-Apr-14 05:47:41.3457
2458222.75176076,3.044182460039225,0.0473538398998568,-2.604518260994715,-0.2031534154339479,-0.0792647218737382,0.0019601568459393,-0.0094885245734213,-0.0028347845942627, A.D. 2018-Apr-14 06:02:32.1297
2458229.7201407594,3.028035158826773,0.0592759837611517,-2.589811570913196,-0.2691803066917216,-0.0989831466785446,0.002260989226144,-0.0094605867799834,-0.0028242188579689, A.D. 2018-Apr-21 05:17:00.1616
2458229.725790759,3.0280233319696164,0.059284652846453,-2.589798795634527,-0.2692337589312551,-0.0989991034873501,0.002261233540227,-0.0094605609144352,-0.0028242093234353, A.D. 2018-Apr-21 05:25:08.3216
2458229.731430759,3.0280115316938234,0.0592933033963576,-2.589786041589376,-0.2692871164229809,-0.099015032001387,0.0022614774225192,-0.0094605350894443,-0.0028241998042044, A.D. 2018-Apr-21 05:33:15.6176
2458229.73707076,3.027999737997922,0.0593019507872162,-2.589773286167671,-0.2693404737734512,-0.0990309604630482,0.0022617213054374,-0.0094605092592354,-0.0028241902834021, A.D. 2018-Apr-21 05:41:22.9136
2458639.9085207502,5.811067421675933,-0.0568898015124438,1.147219113947607,-1.616536880682389,-0.4764068113122935,0.0103142885947387,0.0073000042316304,0.0022673937419809, A.D. 2019-Jun-05 09:48:16.1928
2458639.91370075,5.811091709433457,-0.0568783717525982,1.147272541428342,-1.616499065909199,-0.4763950659909185,0.0103140828908563,0.0073002946837825,0.0022674794958696, A.D. 2019-Jun-05 09:55:43.7448
2458639.91889075,5.811116025517675,-0.0568669196525382,1.147326070983052,-1.616461176625077,-0.4763832975495182,0.0103138767794412,0.0073005856910348,0.002267565413544, A.D. 2019-Jun-05 10:03:12.1608
2458639.92407075,5.811140276832725,-0.0568554893516406,1.147379496330529,-1.616423358839956,-0.4763715513388935,0.0103136710547631,0.0073008761319631,0.0022676511639122, A.D. 2019-Jun-05 10:10:39.7128
2458668.056220741,5.909416522288368,-0.0094768665268969,1.420413209954775,-1.389701449066624,-0.406293778506051,0.0090491185754776,0.0087843543409691,0.0027040982462714, A.D. 2019-Jul-03 13:20:57.4720
2458668.0665307413,5.9094357328830975,-0.0094664797234525,1.42050650371534,-1.389610879766178,-0.4062658984891743,0.0090486036472152,0.0087848596289606,0.0027042462985642, A.D. 2019-Jul-03 13:35:48.2560
2458668.076860741,5.909455033676444,-0.0094560784686818,1.420599973121538,-1.389520129555897,-0.4062379628601408,0.0090480876843265,0.0087853658660907,0.002704394628475, A.D. 2019-Jul-03 13:50:40.7680
2458668.087170741,5.909474356007154,-0.0094457030622373,1.420693256253259,-1.389429549826935,-0.4062100797876582,0.0090475726846567,0.0087858710921726,0.0027045426616597, A.D. 2019-Jul-03 14:05:31.5520
2458672.06290074,5.916500483331385,-0.0059343941541516,1.456265681323902,-1.354115100516962,-0.3953450247777167,0.0088463447041085,0.0089783623522492,0.0027609072457817, A.D. 2019-Jul-07 13:30:34.6240
2458672.07484074,5.9165170345504805,-0.0059253375533966,1.456371303021936,-1.354007895464718,-0.3953120585486422,0.008845732531076,0.008978933351932,0.0027610743339518, A.D. 2019-Jul-07 13:47:46.2399
2458672.08679074,5.916533686911407,-0.0059162821394654,1.456477005866315,-1.353900593795109,-0.3952790627107106,0.0088451197987462,0.0089795047868298,0.0027612415488086, A.D. 2019-Jul-07 14:04:58.7199
2458672.09874074,5.916550435405068,-0.0059072355219937,1.456582701388288,-1.353793285297086,-0.3952460648746333,0.0088445070198389,0.0089800761786703,0.0027614087503979, A.D. 2019-Jul-07 14:22:11.2000
2458692.982650733,5.920681524675718,-0.0056067230733225,1.629632755793651,-1.156305115351513,-0.3346728578410517,0.0077063105777873,0.0099090981147923,0.0030322387178618, A.D. 2019-Jul-28 11:35:01.0233
2458692.9942407333,5.920666222117529,-0.0056158540774636,1.629722068071308,-1.156190266149232,-0.3346377133946359,0.0077056438238063,0.0099095731255235,0.0030323765829428, A.D. 2019-Jul-28 11:51:42.3994
2458693.005820733,5.920651007593746,-0.0056249875425189,1.629811295567129,-1.156075510547697,-0.3346025976772339,0.0077049776088972,0.009910047679379,0.0030325143146857, A.D. 2019-Jul-28 12:08:22.9113
2458693.017400733,5.920635878189672,-0.0056341313399234,1.629900515351553,-1.155960749446494,-0.3345674803635715,0.0077043113577383,0.0099105221862625,0.0030326520320593, A.D. 2019-Jul-28 12:25:03.4233
2458693.026314733,5.920624296114943,-0.0056411771119406,1.629969189296208,-1.155872405424973,-0.3345404468312406,0.0077037984692788,0.0099108874180037,0.0030327580337211, A.D. 2019-Jul-28 12:37:53.5929
2458693.0299957334,5.9206195307552205,-0.0056440884258527,1.629997546591035,-1.155835923167623,-0.3345292831673815,0.0077035866677963,0.0099110382308548,0.0030328018041949, A.D. 2019-Jul-28 12:43:11.6314
2458693.0363417333,5.920611340378826,-0.0056491099650035,1.630046432392587,-1.155773026895115,-0.3345100367680299,0.0077032215160184,0.0099112982192295,0.0030328772605496, A.D. 2019-Jul-28 12:52:19.9258
2458693.049081733,5.92059499849452,-0.005659200533714,1.630144566762484,-1.155646753634359,-0.3344713969478016,0.0077024884176964,0.0099118201198676,0.0030330287309609, A.D. 2019-Jul-28 13:10:40.6617
2458696.878160732,5.9153045225715815,-0.0092899750474372,1.659213647267999,-1.117396610686077,-0.3227715439271094,0.0074801932879482,0.0100660831607156,0.0030777598609418, A.D. 2019-Aug-01 09:04:33.0872
2458696.902180732,5.915260593070641,-0.0093164862671624,1.659393304620372,-1.117154811940113,-0.3226976128244218,0.0074787866766679,0.0100670344011117,0.0030780354305151, A.D. 2019-Aug-01 09:39:08.4153
2458700.930810731,5.907785236898862,-0.0144135740715672,1.689044549400254,-1.076281047294943,-0.3102054579154127,0.0072407926729804,0.0102236310893875,0.0031233543591561, A.D. 2019-Aug-05 10:20:22.0472
2458700.953980731,5.907732603563114,-0.0144465540225524,1.68921230257284,-1.076044155526485,-0.3101330868357367,0.0072394121391785,0.0102245146741249,0.0031236097962879, A.D. 2019-Aug-05 10:53:43.9351
2458700.965600731,5.907706299671051,-0.0144631063935658,1.689296420519108,-1.075925344091736,-0.3100967897457187,0.0072387197371192,0.0102249577272659,0.0031237378781417, A.D. 2019-Aug-05 11:10:27.9031
2458716.918600727,5.863693793925769,-0.0460709271508782,1.797035087815301,-0.908207269213574,-0.2589381680885596,0.0062589252744121,0.0107854827691335,0.0032850315697029, A.D. 2019-Aug-21 10:02:47.1028
2458716.9251807267,5.863671187496272,-0.0460870429452325,1.797076270176206,-0.9081363000445434,-0.2589165523827188,0.0062585100075394,0.0107856938416754,0.0032850919730708, A.D. 2019-Aug-21 10:12:15.6148
2458716.9317107266,5.8636487850608585,-0.0461030360778469,1.797117136900344,-0.908065868781,-0.2588951005367688,0.0062580978878514,0.0107859032935936,0.003285151912362, A.D. 2019-Aug-21 10:21:39.8068
2458716.9369107266,5.863630969699786,-0.0461157717279454,1.797149678156169,-0.9080097816500812,-0.2588780176226829,0.0062577697008399,0.0107860700734019,0.0032851996398749, A.D. 2019-Aug-21 10:29:09.0868
2458718.953991726,5.857006229304844,-0.0511591876733384,1.809643450515589,-0.8861886958385308,-0.2522329956111756,0.0061300734743305,0.0108499649646914,0.0033034703338709, A.D. 2019-Aug-23 10:53:44.8851
2458718.9568517264,5.856996337092803,-0.0511664387484356,1.809660982268214,-0.8861576648069267,-0.2522235476482884,0.0061298918657928,0.0108500544265588,0.0033034958951296, A.D. 2019-Aug-23 10:57:51.9892
2458718.9624617263,5.856976957428027,-0.0511806618728424,1.80969536996158,-0.8860967955107324,-0.2522050148960923,0.0061295356292498,0.0108502299000784,0.0033035460316744, A.D. 2019-Aug-23 11:05:56.6931
2458718.9729027264,5.856940977849471,-0.0512071328627284,1.809759364982459,-0.885983506554389,-0.2521705220845276,0.0061288726071143,0.0108505564480478,0.0033036393328311, A.D. 2019-Aug-23 11:20:58.7956
2458721.072766726,5.849942301238246,-0.0566332088781357,1.822488871318855,-0.8631304728047967,-0.2452138135010698,0.0059951164963898,0.0109153571081157,0.0033221384052651, A.D. 2019-Aug-25 13:44:47.0451
2458721.076056726,5.849931334776051,-0.0566417974339452,1.822508594905784,-0.8630945611161799,-0.2452028836190355,0.0059949062980265,0.010915457268497,0.003322166973807, A.D. 2019-Aug-25 13:49:31.3011
2458721.081721726,5.8499124869305525,-0.0566565869176943,1.822542555025143,-0.8630327245615813,-0.2451840634035904,0.0059945443561238,0.0109156297230666,0.0033222161624883, A.D. 2019-Aug-25 13:57:40.7571
2458721.092590726,5.849876448970731,-0.0566849661807712,1.822607705954442,-0.8629140807829618,-0.2451479537229321,0.0059938499097808,0.0109159605628068,0.0033223105262246, A.D. 2019-Aug-25 14:13:19.8387
2458722.7354307254,5.844422867194631,-0.0610401080449818,1.832368288177564,-0.8449401240139643,-0.2396783030334646,0.0058886419752709,0.010965427879149,0.0033364099353661, A.D. 2019-Aug-27 05:39:01.2147
2458722.7408607253,5.8444035781298975,-0.0610546620489082,1.832400262556659,-0.8448805813025598,-0.2396601862027787,0.0058882934444964,0.0109655896031742,0.003336455997756, A.D. 2019-Aug-27 05:46:50.3667
2458722.7462807256,5.844384307146775,-0.0610691878657672,1.832432176166051,-0.844821147366281,-0.2396421024857088,0.0058879455504091,0.0109657510176766,0.0033365019717684, A.D. 2019-Aug-27 05:54:38.6547
2458722.7517007254,5.84436502003681,-0.0610837122863627,1.832464087887113,-0.8447617125602512,-0.2396240185210162,0.0058875976512075,0.0109659124204758,0.003336547942229, A.D. 2019-Aug-27 06:02:26.9427
2458724.962505725,5.8369229013568,-0.0670599276011717,1.84532324046864,-0.8204461638437828,-0.2322270525996357,0.0057452675712624,0.0110307714261097,0.0033550027486975, A.D. 2019-Aug-29 11:06:00.4947
2458724.965797725,5.836911531810814,-0.0670688717678164,1.845342153539164,-0.8204098503885446,-0.2322160078863459,0.0057450550147716,0.0110308665484188,0.0033550297870486, A.D. 2019-Aug-29 11:10:44.9235
2458724.971448725,5.836892045611141,-0.0670842245391282,1.845374617813845,-0.820347514500826,-0.2321970484820325,0.0057446901391071,0.0110310298238986,0.0033550761976265, A.D. 2019-Aug-29 11:18:53.1698
2458724.981452725,5.836857646079156,-0.0671114017590427,1.845432084461837,-0.8202371586349047,-0.2321634838894677,0.0057440441843658,0.0110313188401332,0.0033551583490472, A.D. 2019-Aug-29 11:33:17.5154
2458744.909726722,5.781176162554325,-0.1209778675830272,1.94688093657678,-0.5951996964100837,-0.1638322744445199,0.004428536442698,0.0115263795726538,0.0034943702306569, A.D. 2019-Sep-18 09:50:00.3888
2458744.912601722,5.7811703340971015,-0.1209849021500307,1.946893668340215,-0.5951665579856841,-0.1638222281071487,0.0044283431702171,0.0115264392281534,0.0034943867553858, A.D. 2019-Sep-18 09:54:08.7888
2458744.918261722,5.781158890863314,-0.1209987483356789,1.946918731686897,-0.5951013180043292,-0.1638024497851503,0.0044279626730928,0.0115265566616881,0.0034944192845302, A.D. 2019-Sep-18 10:02:17.8128
2458744.928157722,5.781138984702517,-0.121022948826741,1.946962547513372,-0.5949872501847816,-0.1637678687308329,0.0044272974005964,0.0115267619517549,0.0034944761491761, A.D. 2019-Sep-18 10:16:32.8272
2458745.933800722,5.779259954869693,-0.1234835462075273,1.951380817700138,-0.5833850241950859,-0.1602507891439812,0.0043596418489143,0.0115474122391435,0.003500190907761, A.D. 2019-Sep-19 10:24:40.3824
2458745.967850722,5.779196801212814,-0.1235652690855437,1.951529224476017,-0.5829918230291943,-0.1601316043869661,0.0043573493996389,0.0115481041013394,0.00350038218813, A.D. 2019-Sep-19 11:13:42.3024
2458747.6559807216,5.776364025267022,-0.1275969244877929,1.95878898717034,-0.5634685121639766,-0.1542146031153319,0.0042435590151364,0.0115818024849055,0.0035096834669457, A.D. 2019-Sep-21 03:44:36.7343
2458747.662120722,5.7763530194127455,-0.1276114078058846,1.958815041351434,-0.5633973995249079,-0.1541930535563325,0.0042431446671153,0.0115819228937345,0.0035097166457193, A.D. 2019-Sep-21 03:53:27.2304
2458747.6682807216,5.776341961373124,-0.12762593090003,1.958841177841691,-0.563326054509313,-0.1541714335997252,0.0042427289660686,0.0115820436790478,0.0035097499278192, A.D. 2019-Sep-21 04:02:19.4543
2458747.689300722,5.77630412856906,-0.1276754315966625,1.958930345097218,-0.5630825956164135,-0.1540976574617258,0.0042413104282128,0.0115824557207951,0.0035098634617978, A.D. 2019-Sep-21 04:32:35.5824
2458750.800850721,5.771894313323553,-0.1347389404002663,1.971800269247745,-0.5269504185727485,-0.1431510307106809,0.0040309101609033,0.0116414258765427,0.0035260588705557, A.D. 2019-Sep-24 07:13:13.5023
2458750.814110721,5.771875900623543,-0.1347678091583853,1.971853713160268,-0.5267960516573905,-0.1431042747299487,0.0040300118343915,0.0116416685735606,0.0035261252906159, A.D. 2019-Sep-24 07:32:19.1663
2458750.8273607213,5.771857648389105,-0.1347966220136083,1.971907104871316,-0.526641797938947,-0.1430575531291807,0.0040291141715722,0.0116419110145605,0.0035261916385635, A.D. 2019-Sep-24 07:51:23.9663
2458750.8406307213,5.771839530928992,-0.1348254456026062,1.971960565251297,-0.5264873081692126,-0.1430107601253906,0.0040282151400412,0.0116421537483696,0.0035262580645917, A.D. 2019-Sep-24 08:10:30.4943
2458751.866150721,5.770664606151424,-0.1370421356289806,1.976055940660291,-0.5145385041017361,-0.1393919026952358,0.0039586959677708,0.0116606910697157,0.0035313247414838, A.D. 2019-Sep-25 08:47:15.4223
2458751.8796507213,5.770648539802248,-0.1370706439242492,1.976109376876377,-0.5143810831406294,-0.139344229365689,0.0039577802817559,0.0116609321803608,0.0035313905599136, A.D. 2019-Sep-25 09:06:41.8223
2458751.8931607213,5.770632683677978,-0.1370991468788102,1.97616284029771,-0.5142235423178498,-0.1392965198345595,0.0039568639038646,0.0116611733937408,0.0035314564042129, A.D. 2019-Sep-25 09:26:09.0863
2458751.9066507216,5.770617082563767,-0.1371275835457663,1.97621621222096,-0.5140662314614304,-0.1392488800433674,0.0039559488689609,0.0116614141743191,0.0035315221281981, A.D. 2019-Sep-25 09:45:34.6223
2458759.6593107213,5.766410267087159,-0.1519277935648372,2.004841615294894,-0.4231552458476009,-0.1117335403997955,0.0034281037995854,0.0117872690908196,0.0035655184506112, A.D. 2019-Oct-03 03:49:24.4463
2458759.664970721,5.7664091167406495,-0.1519372997100477,2.00486101726757,-0.423088529672819,-0.1117133595036564,0.0034277171869995,0.0117873518424083,0.0035655405186118, A.D. 2019-Oct-03 03:57:33.4703
2458759.670610721,5.766407967144631,-0.1519467645956747,2.004880348506465,-0.4230220487746875,-0.1116932497927549,0.0034273319389845,0.0117874342883458,0.0035655625046447, A.D. 2019-Oct-03 04:05:40.7663
2458759.6762607214,5.766406813551808,-0.1519562385570138,2.004899711842284,-0.4229554495355246,-0.1116731043017444,0.0034269460063698,0.011787516867206,0.0035655845256667, A.D. 2019-Oct-03 04:13:48.9263
2458780.768620722,5.795977305434428,-0.1728920392074982,2.061940294385642,-0.1717259765232122,-0.0357945853091048,0.0019807502339507,0.012003760407666,0.0036201087380074, A.D. 2019-Oct-24 06:26:48.8304
2458780.769900722,5.795980654145304,-0.1728924217487636,2.061942829689695,-0.1717106117054342,-0.0357899515689873,0.0019806624521032,0.012003767989529,0.0036201103823745, A.D. 2019-Oct-24 06:28:39.4224
2458780.779570722,5.796005999136024,-0.1728953020481749,2.061961979489327,-0.1715945349914064,-0.0357549450413369,0.0019799992887805,0.0120038252466329,0.0036201227986035, A.D. 2019-Oct-24 06:42:34.9104
2458780.780850722,5.79600936030855,-0.1728956820587129,2.061964513832174,-0.1715791700906218,-0.0357503112832179,0.0019799115072306,0.0120038328228031,0.0036201244412628, A.D. 2019-Oct-24 06:44:25.5024
2458780.7904907223,5.796034722909641,-0.172898534781922,2.061983596993164,-0.1714634528637313,-0.0357154132229313,0.0019792504035165,0.0120038898594605,0.0036201368061283, A.D. 2019-Oct-24 06:58:18.3984
2458780.7917707223,5.796038097172138,-0.1728989123664524,2.061986130377435,-0.1714480878802623,-0.0357107794468888,0.0019791626222642,0.0120038974299537,0.0036201384470845, A.D. 2019-Oct-24 07:00:08.9904
2458780.801450722,5.796063666507478,-0.1729017592079019,2.062005285457954,-0.1713318898800903,-0.0356757364478788,0.0019784987776794,0.0120039546602629,0.0036201508503527, A.D. 2019-Oct-24 07:14:05.3424
2458780.8027307224,5.796067054505716,-0.1729021345235042,2.062007817881067,-0.171316524808082,-0.0356711026521725,0.0019784109966941,0.0120039622250611,0.0036201524896003, A.D. 2019-Oct-24 07:15:55.9344
2458787.636900723,5.817448977300226,-0.1736408791633313,2.073928515558988,-0.0891629308573513,-0.0109069177272925,0.0015103953357594,0.0120349084906822,0.0036260729525548, A.D. 2019-Oct-31 03:17:08.2225
2458787.642090723,5.817466325035233,-0.1736403617430212,2.073936353590005,-0.0891004696405725,-0.0108880984027794,0.0015100405451915,0.0120349248504122,0.0036260753081276, A.D. 2019-Oct-31 03:24:36.6385
2458787.647260723,5.817483611055398,-0.1736398402386407,2.073944159586406,-0.0890382490339749,-0.0108693515864686,0.0015096871229474,0.0120349411363786,0.003626077651411, A.D. 2019-Oct-31 03:32:03.3265
2458787.652430723,5.817500903096948,-0.173639312695421,2.073951963754916,-0.088976028348786,-0.0108506047597324,0.0015093337018701,0.012034957411643,0.0036260799914882, A.D. 2019-Oct-31 03:39:30.0145
2459145.1032907222,2.107875010225214,0.2277000270678079,-0.3418768398142362,2.473381005684033,0.741447372200129,-0.0101842284556655,-0.0001197253448255,-0.0001094008150396, A.D. 2020-Oct-22 14:28:44.3184
2459145.111900722,2.107904663561192,0.227687917048433,-0.3419645258100376,2.473379973304456,0.7414464297966994,-0.0101841796277366,-0.0001200840828447,-0.0001095082301325, A.D. 2020-Oct-22 14:41:08.2224
2459145.120520722,2.107934359675189,0.2276757841128851,-0.342052313227482,2.473378936631723,0.7414454853722662,-0.0101841307309079,-0.0001204432331747,-0.0001096157685897, A.D. 2020-Oct-22 14:53:32.9904
2459145.129180722,2.107964204316706,0.2276635861638226,-0.3421405075850042,2.473377892031024,0.7414445356319329,-0.0101840815949003,-0.0001208040457105,-0.00010972380466, A.D. 2020-Oct-22 15:06:01.2144
2459208.118160737,2.1213807702580856,0.1809088280687985,-0.9658596411643212,2.385778495833153,0.7106314793722318,-0.0095216620048441,-0.0026150753601348,-0.0008542538120626, A.D. 2020-Dec-24 14:50:09.0877
2459208.1287507373,2.1213448357090225,0.1809118953278793,-0.9659604747219032,2.385750800091361,0.7106224322014513,-0.0095215026457942,-0.0026154707362077,-0.0008543714403286, A.D. 2020-Dec-24 15:05:24.0637
2459224.820733743,2.054608060566153,0.1914182271574786,-1.122693856309405,2.336953108602423,0.6948329039029213,-0.0092518914592051,-0.0032276836703498,-0.0010363469356116, A.D. 2021-Jan-10 07:41:51.3954
2459224.8258327427,2.0545847899690632,0.1914229161241404,-1.122741031479351,2.33693665017546,0.6948276194309414,-0.0092518035684072,-0.0032278672797705,-0.0010364014616648, A.D. 2021-Jan-10 07:49:11.9490
2459224.830946743,2.0545614492795505,0.1914276155104178,-1.122788344980084,2.336920142390387,0.6948223191337334,-0.0092517154157155,-0.003228051427215,-0.0010364561474625, A.D. 2021-Jan-10 07:56:33.7986
2459224.836053743,2.054538139621992,0.1914323050879449,-1.122835593265963,2.336903656262159,0.6948170258127352,-0.0092516273803587,-0.0032282353204686,-0.0010365107577427, A.D. 2021-Jan-10 08:03:55.0434
2459228.819119744,2.036759937777868,0.1953218277699623,-1.159547352261235,2.32376061103078,0.690603979996399,-0.0091819565538809,-0.0033710100810632,-0.0010789007284461, A.D. 2021-Jan-14 07:39:31.9459
2459228.832550744,2.036697873869667,0.1953356667997606,-1.159670673519761,2.323715331775808,0.690589488325328,-0.0091817182231416,-0.0033714893245761,-0.001079042984286, A.D. 2021-Jan-14 07:58:52.3843
2459230.7930607446,2.027910965631774,0.1974075473642426,-1.177637262135242,2.317037024124883,0.6884536913097159,-0.0091466857648611,-0.0034412848450949,-0.0010997583652969, A.D. 2021-Jan-16 07:02:00.4483
2459230.839200745,2.0276979772563,0.1974574081048465,-1.17805927106465,2.316878205433545,0.6884029372383651,-0.0091458554719145,-0.0034429236460872,-0.0011002447076907, A.D. 2021-Jan-16 08:08:26.9444
2459292.67641076,1.9067219617468625,0.2696474832578617,-1.704488192243077,2.039448550810055,0.6012629024348627,-0.0078076636944823,-0.0054735211927856,-0.001700643151623, A.D. 2021-Mar-19 04:14:01.8896
2459292.68199576,1.906729948774945,0.2696518596360545,-1.704531797653288,2.039417980726129,0.6012534042050602,-0.0078075237151862,-0.0054736889662013,-0.0017006925475093, A.D. 2021-Mar-19 04:22:04.4336
2459292.68757576,1.9067379395903925,0.2696562264149363,-1.704575363246311,2.039387437073409,0.6012439142027617,-0.0078073838579638,-0.0054738565864891,-0.001700741898271, A.D. 2021-Mar-19 04:30:06.5456
2459292.693150759,1.9067459348564293,0.2696605837166804,-1.704618889016946,2.039356919859533,0.6012344324302983,-0.0078072441228472,-0.0054740240536289,-0.0017007912039022, A.D. 2021-Mar-19 04:38:08.2256
2459636.123898756,3.843197891054472,-0.2241952443646744,-2.366189030167711,-0.8619949455138844,-0.2752415315302086,0.0050390967784169,-0.0088272240108894,-0.0026162027811423, A.D. 2022-Feb-25 14:58:24.8525
2459636.131498756,3.843211134647743,-0.224192282314041,-2.366150731783971,-0.862062031955051,-0.2752614145238592,0.0050394257068883,-0.0088271033956606,-0.0026161642013065, A.D. 2022-Feb-25 15:09:21.4925
2459636.139101756,3.843224411018297,-0.224189310507017,-2.366112415779822,-0.8621291439627115,-0.2752813050733381,0.005039754764023,-0.0088269827219335,-0.0026161256029803, A.D. 2022-Feb-25 15:20:18.3917
2459636.146639756,3.843237602408769,-0.2241863559787527,-2.366074424878188,-0.8621956813085792,-0.2753010252842083,0.005040081006799,-0.0088268630691276,-0.0026160873314206, A.D. 2022-Feb-25 15:31:09.6749
2459641.0992817567,3.850921914791664,-0.2218103154019958,-2.340582347308041,-0.9057134680959722,-0.2881941539284288,0.0052541620026729,-0.0087459278092013,-0.0025902469311193, A.D. 2022-Mar-02 14:22:57.9438
2459641.1234167567,3.850950682111247,-0.2217955784002973,-2.340455525535031,-0.9059245461675768,-0.2882566679776299,0.0052552038649858,-0.0087455220155982,-0.0025901175975994, A.D. 2022-Mar-02 14:57:43.2078
2459641.135482757,3.850965171206379,-0.2217881776806701,-2.340392113102089,-0.9060300684133172,-0.288287919946779,0.0052557247260651,-0.0087453191024844,-0.002590052926441, A.D. 2022-Mar-02 15:15:05.7102
2459675.91459776,3.823366258765735,-0.1747580954145803,-2.131716537997358,-1.198657775057131,-0.3747204078992362,0.0067364527969817,-0.0080428819778333,-0.0023684818071073, A.D. 2022-Apr-06 09:57:01.2465
2459675.92020876,3.823349705225351,-0.1747466758823642,-2.131678739101841,-1.198702903296629,-0.3747336973344277,0.0067366873648402,-0.0080427492997845,-0.0023684402788332, A.D. 2022-Apr-06 10:05:06.0369
2459675.92583176,3.8233331208799055,-0.1747352259639657,-2.131640858049628,-1.198748127300034,-0.3747470149564951,0.0067369224326026,-0.0080426163316086,-0.0023683986598423, A.D. 2022-Apr-06 10:13:11.8640
2459675.93150676,3.823316388914512,-0.1747236641874155,-2.131602625340729,-1.198793768768018,-0.3747604555000242,0.0067371596724586,-0.0080424821272901,-0.0023683566540337, A.D. 2022-Apr-06 10:21:22.1841
2459679.98559176,3.811177668106269,-0.1662835654731711,-2.103946691753191,-1.231202084973114,-0.3843004751845431,0.0069061735900386,-0.0079449431801271,-0.0023378514590249, A.D. 2022-Apr-10 11:39:15.1281
2459679.99074476,3.811160749320832,-0.166272499405035,-2.103911103689506,-1.231243024939539,-0.3843125220313187,0.006906387812876,-0.0079448170795838,-0.002337812051847, A.D. 2022-Apr-10 11:46:40.3472
2459679.99590676,3.811143817044,-0.1662614104207259,-2.103875452360425,-1.231284035760777,-0.3843245897156861,0.0069066024083028,-0.0079446907533781,-0.0023377725742253, A.D. 2022-Apr-10 11:54:06.3441
2459680.00107976,3.811126865446374,-0.1662502943140002,-2.103839723949655,-1.231325133318917,-0.3843366829109779,0.006906817459435,-0.007944564152545,-0.0023377330108584, A.D. 2022-Apr-10 12:01:33.2913
2459693.822003759,3.761050214017888,-0.1356178633755354,-2.004438261668287,-1.338698964868559,-0.4158890338404521,0.0074752691286454,-0.0075867657773582,-0.0022262005377027, A.D. 2022-Apr-24 07:43:41.1248
2459693.827141759,3.761029152710925,-0.1356063612717923,-2.004399853198826,-1.338737945310688,-0.4159004719467176,0.0074754780091722,-0.0075866254498219,-0.0022261568955605, A.D. 2022-Apr-24 07:51:05.0480
2459693.832292759,3.761008038607753,-0.135594826635112,-2.004361346473215,-1.338777023655083,-0.4159119387679176,0.0074756874162407,-0.0075864847617483,-0.002226113141363, A.D. 2022-Apr-24 07:58:30.0944
2459693.837425759,3.760986999641004,-0.1355833288772387,-2.004322973232632,-1.338815964723076,-0.4159233652952167,0.0074758960896086,-0.0075863445598284,-0.0022260695384321, A.D. 2022-Apr-24 08:05:53.5856
2459695.882653759,3.752880526058706,-0.1310246490544018,-1.988948142161706,-1.354274346087148,-0.4204583303725836,0.0075588850181707,-0.0075300468757021,-0.0022085666497626, A.D. 2022-Apr-26 09:11:01.2848
2459695.883290759,3.7528779003504726,-0.1310232303286128,-1.988943327144023,-1.354279142721092,-0.4204597372277058,0.0075589108165518,-0.0075300292062191,-0.0022085611581158, A.D. 2022-Apr-26 09:11:56.3216
2459695.8954827585,3.7528276794611775,-0.1309960681010765,-1.988851165895567,-1.354370946773275,-0.420486663363929,0.0075594045843445,-0.0075296910010554,-0.0022084560447095, A.D. 2022-Apr-26 09:29:29.7103
2459695.896113759,3.7528250821319977,-0.1309946618892982,-1.988846395900337,-1.354375698005638,-0.4204880568988167,0.007559430139128,-0.0075296734963118,-0.0022084506042854, A.D. 2022-Apr-26 09:30:24.2288
2459695.9082887587,3.752775007379121,-0.1309675215656441,-1.988754356838288,-1.354467369722888,-0.4205149441454641,0.0075599232065651,-0.007529335730328,-0.0022083456277983, A.D. 2022-Apr-26 09:47:56.1488
2459695.9089377588,3.7527723403240376,-0.1309660744084415,-1.988749450439207,-1.354472256256323,-0.4205163773600747,0.0075599494896815,-0.0075293177245239,-0.0022083400316687, A.D. 2022-Apr-26 09:48:52.2224
2459695.9211337585,3.752722266461279,-0.1309388721605055,-1.988657246285391,-1.354564081749873,-0.4205433096332133,0.0075604433956686,-0.0075289793434447,-0.0022082348644366, A.D. 2022-Apr-26 10:06:25.9567
2459695.921768759,3.752719661749357,-0.1309374554767517,-1.988652445392554,-1.354568862649265,-0.4205447118615237,0.007560469111209,-0.0075289617243527,-0.0022082293885176, A.D. 2022-Apr-26 10:07:20.8208
2459699.935988758,3.736709813191653,-0.1221597772729816,-1.957977609375252,-1.384565975903628,-0.4293388837741523,0.0077224070366722,-0.0074159049546629,-0.0021731139189923, A.D. 2022-Apr-30 10:27:49.4287
2459699.9602417583,3.736610883583781,-0.1221072792351582,-1.957790306019526,-1.384745825440171,-0.429391585696618,0.0077233815527955,-0.0074152116911832,-0.0021728987233397, A.D. 2022-Apr-30 11:02:44.8879
2459699.972343758,3.736561706366472,-0.1220810732735191,-1.957696834714011,-1.384835562238211,-0.4294178814670275,0.0077238678086656,-0.0074148657138811,-0.0021727913292454, A.D. 2022-Apr-30 11:20:10.5007
2459702.1674467577,3.72785574026846,-0.1174195901368944,-1.94064549114955,-1.401042708845019,-0.4341658920641616,0.007811869084044,-0.0073516054078188,-0.0021531613252658, A.D. 2022-May-02 16:01:07.3999
2459702.181587758,3.72780158031067,-0.1173898040162673,-1.9405350195069,-1.401146664995161,-0.4341963390182283,0.0078124347072681,-0.0073511946171444,-0.002153033896442, A.D. 2022-May-02 16:21:29.1823
2459702.8318427578,3.7252484332334657,-0.1160395382435094,-1.935446492345503,-1.405920664605483,-0.4355944519985817,0.0078384261010563,-0.0073322597808305,-0.0021471608123134, A.D. 2022-May-03 07:57:51.2143
2459702.837073758,3.72522704797594,-0.1160286542655742,-1.935405488991941,-1.405959019257185,-0.435605683672976,0.0078386350461946,-0.0073321071002201,-0.0021471134593842, A.D. 2022-May-03 08:05:23.1727
2459702.8423037576,3.7252056755989447,-0.1160177700607462,-1.93536449238611,-1.405997365776493,-0.4356169129520832,0.0078388439490818,-0.0073319544430807,-0.0021470661138069, A.D. 2022-May-03 08:12:55.0447
2459702.8475387576,3.7251842924358143,-0.1160068731848278,-1.935323455490346,-1.406035748158374,-0.4356281527192408,0.0078390530493945,-0.0073318016342584,-0.0021470187212586, A.D. 2022-May-03 08:20:27.3487
2459717.7671687547,3.671932693366404,-0.0893373447311465,-1.81397111990618,-1.512058468107256,-0.4666187207468802,0.008424972097301,-0.0068728959235919,-0.0020049930845905, A.D. 2022-May-18 06:24:43.3804
2459717.777997755,3.671898001928101,-0.0893217260763764,-1.813879883620431,-1.512132892803199,-0.4666404322319306,0.0084253896117253,-0.0068725457743679,-0.0020048849290513, A.D. 2022-May-18 06:40:19.0060
2459717.788883755,3.671863165557657,-0.0893060212023412,-1.813788162544654,-1.512207705420512,-0.4666622568174513,0.0084258093117124,-0.0068721937570477,-0.0020047761967868, A.D. 2022-May-18 06:55:59.5564
2459717.799753755,3.6718284257737337,-0.0892903356491009,-1.813696571720776,-1.512282404255319,-0.4666840481443472,0.0084262283827483,-0.0068718422320642,-0.0020046676168968, A.D. 2022-May-18 07:11:38.7244
2459725.818640753,3.650449396246431,-0.0795497683901709,-1.744897090182242,-1.566328921397744,-0.4824326710487497,0.0087319806372328,-0.0066056867233137,-0.0019225394252751, A.D. 2022-May-26 07:38:50.5611
2459725.821158753,3.650443415177617,-0.0795472745939225,-1.744875102938861,-1.566345554406455,-0.4824375119690148,0.0087320755445891,-0.0066056010017915,-0.0019225129995071, A.D. 2022-May-26 07:42:28.1162
2459725.830184753,3.650422012798412,-0.0795383353141997,-1.744796285687261,-1.566405175176145,-0.4824548641443717,0.0087324157428363,-0.0066052937140559,-0.0019224182706332, A.D. 2022-May-26 07:55:27.9627
2459725.832703753,3.6504160504744334,-0.0795358405231137,-1.744774288613678,-1.566421813802047,-0.4824597066824212,0.0087325106846193,-0.0066052079522934,-0.0019223918325326, A.D. 2022-May-26 07:59:05.6043
2459725.841704753,3.6503947855050014,-0.0795269262539591,-1.744695685755453,-1.566481265901722,-0.482477009706745,0.0087328499289084,-0.0066049014935837,-0.0019222973594845, A.D. 2022-May-26 08:12:03.2907
2459725.844256753,3.6503887679937126,-0.0795243989299357,-1.744673399400802,-1.566498121498631,-0.4824819153751857,0.0087329461111562,-0.0066048146020385,-0.0019222705731749, A.D. 2022-May-26 08:15:43.7835
2459725.853283753,3.6503675254343073,-0.0795154595803998,-1.744594565560262,-1.566557741773091,-0.4824992672840849,0.0087332863236093,-0.0066045072358921,-0.0019221758206482, A.D. 2022-May-26 08:28:43.7163
2459725.855809753,3.650361593391792,-0.079512958244329,-1.744572505161592,-1.566574424647603,-0.4825041226660984,0.0087333815226465,-0.0066044212233948,-0.001922149305398, A.D. 2022-May-26 08:32:21.9626
2459728.7534587523,3.6443181583789057,-0.0769245549577285,-1.719108472284221,-1.585567902995344,-0.4880295122993906,0.0088421085727055,-0.0065048591796618,-0.001891467611854, A.D. 2022-May-29 06:04:58.8362
2459728.7586417524,3.6443074313060704,-0.0769203589767672,-1.719062643132701,-1.585601617215578,-0.4880393156327931,0.0088423021853183,-0.0065046794917314,-0.0018914122567503, A.D. 2022-May-29 06:12:26.6474
2459728.7638437524,3.644296676342873,-0.0769161473576558,-1.719016644971047,-1.585635454089391,-0.4880491546148983,0.0088424965045324,-0.0065044991393437,-0.0018913566970191, A.D. 2022-May-29 06:19:56.1002
2459728.7690167525,3.644285993514136,-0.0769119589688768,-1.718970902236459,-1.58566910139982,-0.4880589384602637,0.0088426897373341,-0.0065043197866632,-0.0018913014453262, A.D. 2022-May-29 06:27:23.0474
2460124.0916237435,0.3692090248317485,0.1726378051587813,2.056545713310139,-0.1724945262655623,-0.0369791026353007,0.0019428525804683,0.012008820416435,0.0036198296651586, A.D. 2023-Jun-28 14:11:56.2914
2460124.0961007434,0.3692406134586139,0.1726474800249706,2.056554410773181,-0.1724407627210559,-0.0369628966461358,0.001942545367431,0.012008845939054,0.0036198351355536, A.D. 2023-Jun-28 14:18:23.1042
2460124.1006067432,0.369272405346524,0.1726572145465137,2.056563163185687,-0.1723866508051645,-0.0369465856571484,0.0019422361648667,0.0120088716187701,0.0036198406389159, A.D. 2023-Jun-28 14:24:52.4226
2460124.105099743,0.3693041045574508,0.1726669180011961,2.056571888960129,-0.1723326948876441,-0.036930321700886,0.0019419278548161,0.0120088972161819,0.0036198461239362, A.D. 2023-Jun-28 14:31:20.6178
